999999 888888 33333 222 11 -11 -22 -333333 -712321
999999 888888 33333 222 11 -11 -22 -333333 -712321
999999 888888 33333 222 11 -11 -22 -333333 -712321
999999 888888 33333 222 11 -11 -22 -333333 -712321
999999 888888 33333 222 11 -11 -22 -333333 -712321
999999 888888 33333 222 11 -11 -22 -333333 -712321
999999 888888 33333 222 11 -11 -22 -333333 -712321
999999 888888 33333 222 11 -11 -22 -333333 -712321
999999 888888 33333 222 11 -11 -22 -333333 -712321
999999 888888 33333 222 11 -11 -22 -333333 -712321
999999 888888 33333 222 11 -11 -22 -333333 -712321
