90 100 1111 1234 4321 111 3222 11111111111 4321 -1 -2 -3 -4 -5 -5
90 100 1111 1234 4321 111 3222 11111111111 4321 -1 -2 -3 -4 -5 -5
90 100 1111 1234 4321 111 3222 11111111111 4321 -1 -2 -3 -4 -5 -5
90 100 1111 1234 4321 111 3222 11111111111 4321 -1 -2 -3 -4 -5 -5
90 100 1111 1234 4321 111 3222 11111111111 4321 -1 -2 -3 -4 -5 -5
90 100 1111 1234 4321 111 3222 11111111111 4321 -1 -2 -3 -4 -5 -5
90 100 1111 1234 4321 111 3222 11111111111 4321 -1 -2 -3 -4 -5 -5
90 100 1111 1234 4321 111 3222 11111111111 4321 -1 -2 -3 -4 -5 -5
90 100 1111 1234 4321 111 3222 11111111111 4321 -1 -2 -3 -4 -5 -5
90 100 1111 1234 4321 111 3222 11111111111 4321 -1 -2 -3 -4 -5 -5
90 100 1111 1234 4321 111 3222 11111111111 4321 -1 -2 -3 -4 -5 -5
90 100 1111 1234 4321 111 3222 11111111111 4321 -1 -2 -3 -4 -5 -5
90 100 1111 1234 4321 111 3222 11111111111 4321 -1 -2 -3 -4 -5 -5
90 100 1111 1234 4321 111 3222 11111111111 4321 -1 -2 -3 -4 -5 -5
90 100 1111 1234 4321 111 3222 11111111111 4321 -1 -2 -3 -4 -5 -5
90 100 1111 1234 4321 111 3222 11111111111 4321 -1 -2 -3 -4 -5 -5
